              precision    recall  f1-score   support

           0       0.93      0.96      0.94      2071
           1       0.92      0.95      0.94      2363
           2       0.88      0.86      0.87      2097
           3       0.86      0.85      0.86      2142
           4       0.88      0.89      0.89      2047
           5       0.84      0.83      0.83      1894
           6       0.94      0.93      0.93      2063
           7       0.90      0.89      0.89      2188
           8       0.83      0.82      0.82      2048
           9       0.84      0.84      0.84      2087

    accuracy                           0.88     21000
   macro avg       0.88      0.88      0.88     21000
weighted avg       0.88      0.88      0.88     21000
