              precision    recall  f1-score   support

           0       0.97      0.99      0.98      2071
           1       0.98      0.99      0.98      2363
           2       0.97      0.96      0.96      2097
           3       0.95      0.95      0.95      2142
           4       0.96      0.95      0.95      2047
           5       0.95      0.93      0.94      1894
           6       0.97      0.98      0.97      2063
           7       0.96      0.95      0.95      2188
           8       0.95      0.93      0.94      2048
           9       0.92      0.93      0.92      2087

    accuracy                           0.96     21000
   macro avg       0.96      0.96      0.96     21000
weighted avg       0.96      0.96      0.96     21000
