              precision    recall  f1-score   support

           0       0.94      0.97      0.96      2071
           1       0.94      0.97      0.95      2363
           2       0.91      0.90      0.91      2097
           3       0.89      0.87      0.88      2142
           4       0.90      0.93      0.91      2047
           5       0.87      0.86      0.87      1894
           6       0.95      0.95      0.95      2063
           7       0.94      0.93      0.93      2188
           8       0.89      0.84      0.87      2048
           9       0.90      0.88      0.89      2087

    accuracy                           0.91     21000
   macro avg       0.91      0.91      0.91     21000
weighted avg       0.91      0.91      0.91     21000
