              precision    recall  f1-score   support

           0       0.95      0.97      0.96      2071
           1       0.95      0.97      0.96      2363
           2       0.92      0.90      0.91      2097
           3       0.90      0.89      0.89      2142
           4       0.92      0.91      0.92      2047
           5       0.89      0.87      0.88      1894
           6       0.95      0.95      0.95      2063
           7       0.93      0.94      0.93      2188
           8       0.89      0.88      0.89      2048
           9       0.90      0.89      0.89      2087

    accuracy                           0.92     21000
   macro avg       0.92      0.92      0.92     21000
weighted avg       0.92      0.92      0.92     21000
